1287,1336
1287,1406
1288,1289
1288,1290
1288,1291
1288,1292
1288,1294
1288,1295
1288,1296
1288,1297
1288,1298
1288,1299
1288,1300
1288,1301
1288,1302
1288,1303
1288,1304
1288,1305
1288,1306
1288,1307
1288,1308
1288,1309
1288,1310
1288,1311
1288,1312
1288,1313
1288,1314
1288,1315
1288,1316
1288,1317
1288,1318
1288,1319
1288,1320
1288,1321
1288,1322
1288,1323
1288,1324
1288,1325
1288,1326
1288,1327
1288,1328
1288,1329
1288,1330
1288,1331
1288,1332
1288,1333
1288,1334
1288,1335
1288,1336
1288,1406
