1291,1300
1291,1301
1291,1302
1291,1303
1291,1304
1291,1305
1291,1306
1291,1307
1291,1308
1291,1309
1291,1310
1291,1311
1291,1312
1291,1313
1291,1314
1291,1315
1291,1316
1291,1317
1291,1318
1291,1319
1291,1320
1291,1321
1291,1322
1291,1323
1291,1324
1291,1325
1291,1326
1291,1327
1291,1328
1291,1329
1291,1330
1291,1331
1291,1332
1291,1333
1291,1334
1291,1335
1291,1336
1291,1406
1292,1294
1292,1295
1292,1296
1292,1297
1292,1298
1292,1299
1292,1300
1292,1301
1292,1302
1292,1303
1292,1304
1292,1305
