1292,1306
1292,1307
1292,1308
1292,1309
1292,1310
1292,1311
1292,1312
1292,1313
1292,1314
1292,1315
1292,1316
1292,1317
1292,1318
1292,1319
1292,1320
1292,1321
1292,1322
1292,1323
1292,1324
1292,1325
1292,1326
1292,1327
1292,1328
1292,1329
1292,1330
1292,1331
1292,1332
1292,1333
1292,1334
1292,1335
1292,1336
1292,1406
1294,1295
1294,1296
1294,1297
1294,1298
1294,1299
1294,1300
1294,1301
1294,1302
1294,1303
1294,1304
1294,1305
1294,1306
1294,1307
1294,1308
1294,1309
1294,1310
1294,1311
1294,1312
