1285,1335
1285,1336
1285,1406
1286,1287
1286,1288
1286,1289
1286,1290
1286,1291
1286,1292
1286,1294
1286,1295
1286,1296
1286,1297
1286,1298
1286,1299
1286,1300
1286,1301
1286,1302
1286,1303
1286,1304
1286,1305
1286,1306
1286,1307
1286,1308
1286,1309
1286,1310
1286,1311
1286,1312
1286,1313
1286,1314
1286,1315
1286,1316
1286,1317
1286,1318
1286,1319
1286,1320
1286,1321
1286,1322
1286,1323
1286,1324
1286,1325
1286,1326
1286,1327
1286,1328
1286,1329
1286,1330
1286,1331
1286,1332
1286,1333
1286,1334
