1286,1335
1286,1336
1286,1406
1287,1288
1287,1289
1287,1290
1287,1291
1287,1292
1287,1294
1287,1295
1287,1296
1287,1297
1287,1298
1287,1299
1287,1300
1287,1301
1287,1302
1287,1303
1287,1304
1287,1305
1287,1306
1287,1307
1287,1308
1287,1309
1287,1310
1287,1311
1287,1312
1287,1313
1287,1314
1287,1315
1287,1316
1287,1317
1287,1318
1287,1319
1287,1320
1287,1321
1287,1322
1287,1323
1287,1324
1287,1325
1287,1326
1287,1327
1287,1328
1287,1329
1287,1330
1287,1331
1287,1332
1287,1333
1287,1334
1287,1335
