1284,1336
1284,1406
1285,1286
1285,1287
1285,1288
1285,1289
1285,1290
1285,1291
1285,1292
1285,1294
1285,1295
1285,1296
1285,1297
1285,1298
1285,1299
1285,1300
1285,1301
1285,1302
1285,1303
1285,1304
1285,1305
1285,1306
1285,1307
1285,1308
1285,1309
1285,1310
1285,1311
1285,1312
1285,1313
1285,1314
1285,1315
1285,1316
1285,1317
1285,1318
1285,1319
1285,1320
1285,1321
1285,1322
1285,1323
1285,1324
1285,1325
1285,1326
1285,1327
1285,1328
1285,1329
1285,1330
1285,1331
1285,1332
1285,1333
1285,1334
