1294,1313
1294,1314
1294,1315
1294,1316
1294,1317
1294,1318
1294,1319
1294,1320
1294,1321
1294,1322
1294,1323
1294,1324
1294,1325
1294,1326
1294,1327
1294,1328
1294,1329
1294,1330
1294,1331
1294,1332
1294,1333
1294,1334
1294,1335
1294,1336
1294,1406
1295,1296
1295,1297
1295,1298
1295,1299
1295,1300
1295,1301
1295,1302
1295,1303
1295,1304
1295,1305
1295,1306
1295,1307
1295,1308
1295,1309
1295,1310
1295,1311
1295,1312
1295,1313
1295,1314
1295,1315
1295,1316
1295,1317
1295,1318
1295,1319
1295,1320
