1284,1285
1284,1286
1284,1287
1284,1288
1284,1289
1284,1290
1284,1291
1284,1292
1284,1294
1284,1295
1284,1296
1284,1297
1284,1298
1284,1299
1284,1300
1284,1301
1284,1302
1284,1303
1284,1304
1284,1305
1284,1306
1284,1307
1284,1308
1284,1309
1284,1310
1284,1311
1284,1312
1284,1313
1284,1314
1284,1315
1284,1316
1284,1317
1284,1318
1284,1319
1284,1320
1284,1321
1284,1322
1284,1323
1284,1324
1284,1325
1284,1326
1284,1327
1284,1328
1284,1329
1284,1330
1284,1331
1284,1332
1284,1333
1284,1334
1284,1335
