1289,1290
1289,1291
1289,1292
1289,1294
1289,1295
1289,1296
1289,1297
1289,1298
1289,1299
1289,1300
1289,1301
1289,1302
1289,1303
1289,1304
1289,1305
1289,1306
1289,1307
1289,1308
1289,1309
1289,1310
1289,1311
1289,1312
1289,1313
1289,1314
1289,1315
1289,1316
1289,1317
1289,1318
1289,1319
1289,1320
1289,1321
1289,1322
1289,1323
1289,1324
1289,1325
1289,1326
1289,1327
1289,1328
1289,1329
1289,1330
1289,1331
1289,1332
1289,1333
1289,1334
1289,1335
1289,1336
1289,1406
1290,1291
1290,1292
1290,1294
