1290,1295
1290,1296
1290,1297
1290,1298
1290,1299
1290,1300
1290,1301
1290,1302
1290,1303
1290,1304
1290,1305
1290,1306
1290,1307
1290,1308
1290,1309
1290,1310
1290,1311
1290,1312
1290,1313
1290,1314
1290,1315
1290,1316
1290,1317
1290,1318
1290,1319
1290,1320
1290,1321
1290,1322
1290,1323
1290,1324
1290,1325
1290,1326
1290,1327
1290,1328
1290,1329
1290,1330
1290,1331
1290,1332
1290,1333
1290,1334
1290,1335
1290,1336
1290,1406
1291,1292
1291,1294
1291,1295
1291,1296
1291,1297
1291,1298
1291,1299
